3.000000000000000000e+00 1.500000000000000000e+00 7.500000000000000000e-01 5.000000000000000000e-01 3.750000000000000000e-01 2.999999999999999889e-01 2.500000000000000000e-01 2.142857142857142738e-01 1.875000000000000000e-01 1.666666666666666574e-01
1.500000000000000000e+00 3.000000000000000000e+00 1.500000000000000000e+00 7.500000000000000000e-01 5.000000000000000000e-01 3.750000000000000000e-01 2.999999999999999889e-01 2.500000000000000000e-01 2.142857142857142738e-01 1.875000000000000000e-01
7.500000000000000000e-01 1.500000000000000000e+00 3.000000000000000000e+00 1.500000000000000000e+00 7.500000000000000000e-01 5.000000000000000000e-01 3.750000000000000000e-01 2.999999999999999889e-01 2.500000000000000000e-01 2.142857142857142738e-01
5.000000000000000000e-01 7.500000000000000000e-01 1.500000000000000000e+00 3.000000000000000000e+00 1.500000000000000000e+00 7.500000000000000000e-01 5.000000000000000000e-01 3.750000000000000000e-01 2.999999999999999889e-01 2.500000000000000000e-01
3.750000000000000000e-01 5.000000000000000000e-01 7.500000000000000000e-01 1.500000000000000000e+00 3.000000000000000000e+00 1.500000000000000000e+00 7.500000000000000000e-01 5.000000000000000000e-01 3.750000000000000000e-01 2.999999999999999889e-01
2.999999999999999889e-01 3.750000000000000000e-01 5.000000000000000000e-01 7.500000000000000000e-01 1.500000000000000000e+00 3.000000000000000000e+00 1.500000000000000000e+00 7.500000000000000000e-01 5.000000000000000000e-01 3.750000000000000000e-01
2.500000000000000000e-01 2.999999999999999889e-01 3.750000000000000000e-01 5.000000000000000000e-01 7.500000000000000000e-01 1.500000000000000000e+00 3.000000000000000000e+00 1.500000000000000000e+00 7.500000000000000000e-01 5.000000000000000000e-01
2.142857142857142738e-01 2.500000000000000000e-01 2.999999999999999889e-01 3.750000000000000000e-01 5.000000000000000000e-01 7.500000000000000000e-01 1.500000000000000000e+00 3.000000000000000000e+00 1.500000000000000000e+00 7.500000000000000000e-01
1.875000000000000000e-01 2.142857142857142738e-01 2.500000000000000000e-01 2.999999999999999889e-01 3.750000000000000000e-01 5.000000000000000000e-01 7.500000000000000000e-01 1.500000000000000000e+00 3.000000000000000000e+00 1.500000000000000000e+00
1.666666666666666574e-01 1.875000000000000000e-01 2.142857142857142738e-01 2.500000000000000000e-01 2.999999999999999889e-01 3.750000000000000000e-01 5.000000000000000000e-01 7.500000000000000000e-01 1.500000000000000000e+00 3.000000000000000000e+00
